[ [ 1, 168 ], [ 1, 394 ], [ 2, 3 ], [ 2, 4 ], [ 3, 2 ], [ 3, 85 ], [ 4, 5 ], 
  [ 4, 6 ], [ 5, 4 ], [ 5, 42 ], [ 6, 7 ], [ 6, 8 ], [ 7, 6 ], [ 7, 20 ], 
  [ 8, 9 ], [ 8, 387 ], [ 9, 8 ], [ 9, 10 ], [ 10, 11 ], [ 10, 12 ], 
  [ 11, 7 ], [ 11, 10 ], [ 12, 13 ], [ 12, 14 ], [ 13, 12 ], [ 13, 16 ], 
  [ 16, 17 ], [ 16, 18 ], [ 17, 11 ], [ 17, 16 ], [ 20, 21 ], [ 20, 22 ], 
  [ 21, 5 ], [ 21, 20 ], [ 22, 23 ], [ 22, 24 ], [ 23, 22 ], [ 23, 32 ], 
  [ 24, 25 ], [ 24, 26 ], [ 25, 24 ], [ 25, 28 ], [ 28, 29 ], [ 28, 30 ], 
  [ 29, 23 ], [ 29, 28 ], [ 32, 33 ], [ 32, 34 ], [ 33, 21 ], [ 33, 32 ], 
  [ 34, 35 ], [ 34, 36 ], [ 35, 34 ], [ 35, 38 ], [ 38, 39 ], [ 38, 40 ], 
  [ 39, 33 ], [ 39, 38 ], [ 41, 50 ], [ 41, 51 ], [ 42, 43 ], [ 42, 44 ], 
  [ 43, 3 ], [ 43, 42 ], [ 44, 45 ], [ 44, 46 ], [ 45, 44 ], [ 45, 66 ], 
  [ 46, 47 ], [ 46, 48 ], [ 47, 46 ], [ 47, 56 ], [ 48, 49 ], [ 48, 50 ], 
  [ 49, 48 ], [ 49, 52 ], [ 50, 39 ], [ 50, 41 ], [ 52, 53 ], [ 52, 54 ], 
  [ 53, 47 ], [ 53, 52 ], [ 56, 57 ], [ 56, 58 ], [ 57, 45 ], [ 57, 56 ], 
  [ 58, 59 ], [ 58, 60 ], [ 59, 58 ], [ 59, 62 ], [ 62, 63 ], [ 62, 64 ], 
  [ 63, 57 ], [ 63, 62 ], [ 66, 67 ], [ 66, 68 ], [ 67, 43 ], [ 67, 66 ], 
  [ 68, 69 ], [ 68, 70 ], [ 69, 68 ], [ 69, 78 ], [ 70, 71 ], [ 70, 72 ], 
  [ 71, 70 ], [ 71, 74 ], [ 74, 75 ], [ 74, 76 ], [ 75, 69 ], [ 75, 74 ], 
  [ 78, 79 ], [ 78, 80 ], [ 79, 67 ], [ 79, 78 ], [ 80, 81 ], [ 80, 82 ], 
  [ 81, 80 ], [ 81, 84 ], [ 84, 93 ], [ 84, 94 ], [ 85, 86 ], [ 85, 87 ], 
  [ 86, 1 ], [ 86, 85 ], [ 87, 88 ], [ 87, 89 ], [ 88, 87 ], [ 88, 130 ], 
  [ 89, 90 ], [ 89, 91 ], [ 90, 89 ], [ 90, 108 ], [ 91, 92 ], [ 91, 93 ], 
  [ 92, 91 ], [ 92, 98 ], [ 93, 79 ], [ 93, 84 ], [ 94, 95 ], [ 94, 96 ], 
  [ 95, 92 ], [ 95, 94 ], [ 98, 99 ], [ 98, 100 ], [ 99, 90 ], [ 99, 98 ], 
  [ 100, 101 ], [ 100, 102 ], [ 101, 100 ], [ 101, 104 ], [ 104, 105 ], 
  [ 104, 106 ], [ 105, 99 ], [ 105, 104 ], [ 108, 109 ], [ 108, 110 ], 
  [ 109, 88 ], [ 109, 108 ], [ 110, 111 ], [ 110, 112 ], [ 111, 110 ], 
  [ 111, 120 ], [ 112, 113 ], [ 112, 114 ], [ 113, 112 ], [ 113, 116 ], 
  [ 116, 117 ], [ 116, 118 ], [ 117, 111 ], [ 117, 116 ], [ 120, 121 ], 
  [ 120, 122 ], [ 121, 109 ], [ 121, 120 ], [ 122, 123 ], [ 122, 124 ], 
  [ 123, 122 ], [ 123, 126 ], [ 126, 127 ], [ 126, 128 ], [ 127, 121 ], 
  [ 127, 126 ], [ 129, 138 ], [ 129, 139 ], [ 130, 131 ], [ 130, 132 ], 
  [ 131, 86 ], [ 131, 130 ], [ 132, 133 ], [ 132, 134 ], [ 133, 132 ], 
  [ 133, 154 ], [ 134, 135 ], [ 134, 136 ], [ 135, 134 ], [ 135, 144 ], 
  [ 136, 137 ], [ 136, 138 ], [ 137, 136 ], [ 137, 140 ], [ 138, 127 ], 
  [ 138, 129 ], [ 140, 141 ], [ 140, 142 ], [ 141, 135 ], [ 141, 140 ], 
  [ 144, 145 ], [ 144, 146 ], [ 145, 133 ], [ 145, 144 ], [ 146, 147 ], 
  [ 146, 148 ], [ 147, 146 ], [ 147, 150 ], [ 150, 151 ], [ 150, 152 ], 
  [ 151, 145 ], [ 151, 150 ], [ 154, 155 ], [ 154, 156 ], [ 155, 131 ], 
  [ 155, 154 ], [ 156, 157 ], [ 156, 158 ], [ 157, 156 ], [ 157, 166 ], 
  [ 158, 159 ], [ 158, 160 ], [ 159, 158 ], [ 159, 162 ], [ 162, 163 ], 
  [ 162, 164 ], [ 163, 157 ], [ 163, 162 ], [ 166, 167 ], [ 166, 176 ], 
  [ 167, 155 ], [ 167, 166 ], [ 168, 169 ], [ 168, 170 ], [ 169, 168 ], 
  [ 169, 281 ], [ 170, 171 ], [ 170, 172 ], [ 171, 170 ], [ 171, 225 ], 
  [ 172, 173 ], [ 172, 174 ], [ 173, 172 ], [ 173, 196 ], [ 174, 167 ], 
  [ 174, 175 ], [ 175, 174 ], [ 175, 182 ], [ 176, 177 ], [ 176, 178 ], 
  [ 177, 175 ], [ 177, 176 ], [ 178, 179 ], [ 179, 178 ], [ 179, 180 ], 
  [ 180, 181 ], [ 181, 177 ], [ 181, 180 ], [ 182, 183 ], [ 182, 184 ], 
  [ 183, 173 ], [ 183, 182 ], [ 184, 185 ], [ 184, 186 ], [ 185, 184 ], 
  [ 185, 190 ], [ 186, 187 ], [ 187, 186 ], [ 187, 188 ], [ 188, 189 ], 
  [ 189, 185 ], [ 189, 188 ], [ 190, 191 ], [ 190, 192 ], [ 191, 183 ], 
  [ 191, 190 ], [ 192, 193 ], [ 193, 192 ], [ 193, 194 ], [ 194, 195 ], 
  [ 195, 191 ], [ 195, 194 ], [ 196, 197 ], [ 196, 198 ], [ 197, 171 ], 
  [ 197, 196 ], [ 198, 199 ], [ 198, 200 ], [ 199, 198 ], [ 199, 212 ], 
  [ 200, 201 ], [ 200, 202 ], [ 201, 200 ], [ 201, 206 ], [ 202, 203 ], 
  [ 203, 202 ], [ 203, 204 ], [ 204, 205 ], [ 205, 201 ], [ 205, 204 ], 
  [ 206, 207 ], [ 206, 208 ], [ 207, 199 ], [ 207, 206 ], [ 208, 209 ], 
  [ 209, 208 ], [ 209, 210 ], [ 210, 211 ], [ 211, 207 ], [ 211, 210 ], 
  [ 212, 213 ], [ 212, 214 ], [ 213, 197 ], [ 213, 212 ], [ 214, 215 ], 
  [ 214, 216 ], [ 215, 214 ], [ 215, 220 ], [ 216, 217 ], [ 217, 216 ], 
  [ 217, 218 ], [ 218, 219 ], [ 219, 215 ], [ 219, 218 ], [ 220, 221 ], 
  [ 220, 222 ], [ 221, 213 ], [ 221, 220 ], [ 222, 223 ], [ 223, 222 ], 
  [ 223, 224 ], [ 224, 233 ], [ 224, 234 ], [ 225, 226 ], [ 225, 227 ], 
  [ 226, 169 ], [ 226, 225 ], [ 227, 228 ], [ 227, 229 ], [ 228, 227 ], 
  [ 228, 256 ], [ 229, 230 ], [ 229, 231 ], [ 230, 229 ], [ 230, 242 ], 
  [ 231, 232 ], [ 231, 233 ], [ 232, 231 ], [ 232, 236 ], [ 233, 221 ], 
  [ 233, 224 ], [ 234, 235 ], [ 235, 232 ], [ 235, 234 ], [ 236, 237 ], 
  [ 236, 238 ], [ 237, 230 ], [ 237, 236 ], [ 238, 239 ], [ 239, 238 ], 
  [ 239, 240 ], [ 240, 241 ], [ 241, 237 ], [ 241, 240 ], [ 242, 243 ], 
  [ 242, 244 ], [ 243, 228 ], [ 243, 242 ], [ 244, 245 ], [ 244, 246 ], 
  [ 245, 244 ], [ 245, 250 ], [ 246, 247 ], [ 247, 246 ], [ 247, 248 ], 
  [ 248, 249 ], [ 249, 245 ], [ 249, 248 ], [ 250, 251 ], [ 250, 252 ], 
  [ 251, 243 ], [ 251, 250 ], [ 252, 253 ], [ 253, 252 ], [ 253, 254 ], 
  [ 254, 255 ], [ 255, 251 ], [ 255, 254 ], [ 256, 257 ], [ 256, 258 ], 
  [ 257, 226 ], [ 257, 256 ], [ 258, 259 ], [ 258, 260 ], [ 259, 258 ], 
  [ 259, 272 ], [ 260, 261 ], [ 260, 262 ], [ 261, 260 ], [ 261, 266 ], 
  [ 262, 263 ], [ 263, 262 ], [ 263, 264 ], [ 264, 265 ], [ 265, 261 ], 
  [ 265, 264 ], [ 266, 267 ], [ 266, 268 ], [ 267, 259 ], [ 267, 266 ], 
  [ 268, 269 ], [ 269, 268 ], [ 269, 270 ], [ 270, 271 ], [ 271, 267 ], 
  [ 271, 270 ], [ 272, 273 ], [ 272, 274 ], [ 273, 257 ], [ 273, 272 ], 
  [ 274, 275 ], [ 274, 276 ], [ 275, 274 ], [ 275, 280 ], [ 276, 277 ], 
  [ 277, 276 ], [ 277, 278 ], [ 278, 279 ], [ 279, 275 ], [ 279, 278 ], 
  [ 280, 289 ], [ 280, 290 ], [ 281, 282 ], [ 281, 283 ], [ 282, 281 ], 
  [ 282, 394 ], [ 283, 284 ], [ 283, 285 ], [ 284, 283 ], [ 284, 339 ], 
  [ 285, 286 ], [ 285, 287 ], [ 286, 285 ], [ 286, 310 ], [ 287, 288 ], 
  [ 287, 289 ], [ 288, 287 ], [ 288, 296 ], [ 289, 273 ], [ 289, 280 ], 
  [ 290, 291 ], [ 290, 292 ], [ 291, 288 ], [ 291, 290 ], [ 292, 293 ], 
  [ 293, 292 ], [ 293, 294 ], [ 294, 295 ], [ 295, 291 ], [ 295, 294 ], 
  [ 296, 297 ], [ 296, 298 ], [ 297, 286 ], [ 297, 296 ], [ 298, 299 ], 
  [ 298, 300 ], [ 299, 298 ], [ 299, 304 ], [ 300, 301 ], [ 301, 300 ], 
  [ 301, 302 ], [ 302, 303 ], [ 303, 299 ], [ 303, 302 ], [ 304, 305 ], 
  [ 304, 306 ], [ 305, 297 ], [ 305, 304 ], [ 306, 307 ], [ 307, 306 ], 
  [ 307, 308 ], [ 308, 309 ], [ 309, 305 ], [ 309, 308 ], [ 310, 311 ], 
  [ 310, 312 ], [ 311, 284 ], [ 311, 310 ], [ 312, 313 ], [ 312, 314 ], 
  [ 313, 312 ], [ 313, 326 ], [ 314, 315 ], [ 314, 316 ], [ 315, 314 ], 
  [ 315, 320 ], [ 316, 317 ], [ 317, 316 ], [ 317, 318 ], [ 318, 319 ], 
  [ 319, 315 ], [ 319, 318 ], [ 320, 321 ], [ 320, 322 ], [ 321, 313 ], 
  [ 321, 320 ], [ 322, 323 ], [ 323, 322 ], [ 323, 324 ], [ 324, 325 ], 
  [ 325, 321 ], [ 325, 324 ], [ 326, 327 ], [ 326, 328 ], [ 327, 311 ], 
  [ 327, 326 ], [ 328, 329 ], [ 328, 330 ], [ 329, 328 ], [ 329, 334 ], 
  [ 330, 331 ], [ 331, 330 ], [ 331, 332 ], [ 332, 333 ], [ 333, 329 ], 
  [ 333, 332 ], [ 334, 335 ], [ 334, 336 ], [ 335, 327 ], [ 335, 334 ], 
  [ 336, 337 ], [ 337, 336 ], [ 337, 338 ], [ 338, 347 ], [ 338, 348 ], 
  [ 339, 340 ], [ 339, 341 ], [ 340, 282 ], [ 340, 339 ], [ 341, 342 ], 
  [ 341, 343 ], [ 342, 341 ], [ 342, 370 ], [ 343, 344 ], [ 343, 345 ], 
  [ 344, 343 ], [ 344, 356 ], [ 345, 346 ], [ 345, 347 ], [ 346, 345 ], 
  [ 346, 350 ], [ 347, 335 ], [ 347, 338 ], [ 348, 349 ], [ 349, 346 ], 
  [ 349, 348 ], [ 350, 351 ], [ 350, 352 ], [ 351, 344 ], [ 351, 350 ], 
  [ 352, 353 ], [ 353, 352 ], [ 353, 354 ], [ 354, 355 ], [ 355, 351 ], 
  [ 355, 354 ], [ 356, 357 ], [ 356, 358 ], [ 357, 342 ], [ 357, 356 ], 
  [ 358, 359 ], [ 358, 360 ], [ 359, 358 ], [ 359, 364 ], [ 360, 361 ], 
  [ 361, 360 ], [ 361, 362 ], [ 362, 363 ], [ 363, 359 ], [ 363, 362 ], 
  [ 364, 365 ], [ 364, 366 ], [ 365, 357 ], [ 365, 364 ], [ 366, 367 ], 
  [ 367, 366 ], [ 367, 368 ], [ 368, 369 ], [ 369, 365 ], [ 369, 368 ], 
  [ 370, 371 ], [ 370, 372 ], [ 371, 340 ], [ 371, 370 ], [ 372, 373 ], 
  [ 372, 374 ], [ 373, 372 ], [ 373, 386 ], [ 374, 375 ], [ 374, 376 ], 
  [ 375, 374 ], [ 375, 380 ], [ 376, 377 ], [ 377, 376 ], [ 377, 378 ], 
  [ 378, 379 ], [ 379, 375 ], [ 379, 378 ], [ 380, 381 ], [ 380, 382 ], 
  [ 381, 373 ], [ 381, 380 ], [ 382, 383 ], [ 383, 382 ], [ 383, 384 ], 
  [ 384, 385 ], [ 385, 381 ], [ 385, 384 ], [ 386, 387 ], [ 386, 388 ], 
  [ 387, 371 ], [ 387, 386 ], [ 388, 389 ], [ 388, 390 ], [ 389, 9 ], 
  [ 389, 388 ], [ 390, 391 ], [ 391, 390 ], [ 391, 392 ], [ 392, 393 ], 
  [ 393, 389 ], [ 393, 392 ], [ 394, 1 ], [ 394, 2 ] ]