[ [ 1, 154 ], [ 1, 350 ], [ 2, 3 ], [ 2, 4 ], [ 3, 2 ], [ 3, 80 ], [ 4, 5 ], 
  [ 4, 6 ], [ 5, 4 ], [ 5, 40 ], [ 6, 7 ], [ 6, 8 ], [ 7, 6 ], [ 7, 19 ], 
  [ 8, 334 ], [ 8, 349 ], [ 9, 10 ], [ 9, 11 ], [ 10, 7 ], [ 10, 9 ], 
  [ 11, 12 ], [ 11, 13 ], [ 12, 11 ], [ 12, 15 ], [ 15, 16 ], [ 15, 17 ], 
  [ 16, 10 ], [ 16, 15 ], [ 19, 20 ], [ 19, 21 ], [ 20, 5 ], [ 20, 19 ], 
  [ 21, 22 ], [ 21, 23 ], [ 22, 21 ], [ 22, 31 ], [ 23, 24 ], [ 23, 25 ], 
  [ 24, 23 ], [ 24, 27 ], [ 27, 28 ], [ 27, 29 ], [ 28, 22 ], [ 28, 27 ], 
  [ 31, 32 ], [ 31, 33 ], [ 32, 20 ], [ 32, 31 ], [ 33, 34 ], [ 33, 35 ], 
  [ 34, 33 ], [ 34, 37 ], [ 37, 38 ], [ 37, 39 ], [ 38, 32 ], [ 38, 37 ], 
  [ 40, 41 ], [ 40, 42 ], [ 41, 3 ], [ 41, 40 ], [ 42, 43 ], [ 42, 44 ], 
  [ 43, 42 ], [ 43, 62 ], [ 44, 45 ], [ 44, 46 ], [ 45, 44 ], [ 45, 52 ], 
  [ 46, 38 ], [ 46, 47 ], [ 47, 46 ], [ 47, 48 ], [ 48, 49 ], [ 48, 50 ], 
  [ 49, 45 ], [ 49, 48 ], [ 52, 53 ], [ 52, 54 ], [ 53, 43 ], [ 53, 52 ], 
  [ 54, 55 ], [ 54, 56 ], [ 55, 54 ], [ 55, 58 ], [ 58, 59 ], [ 58, 60 ], 
  [ 59, 53 ], [ 59, 58 ], [ 62, 63 ], [ 62, 64 ], [ 63, 41 ], [ 63, 62 ], 
  [ 64, 65 ], [ 64, 66 ], [ 65, 64 ], [ 65, 74 ], [ 66, 67 ], [ 66, 68 ], 
  [ 67, 66 ], [ 67, 70 ], [ 70, 71 ], [ 70, 72 ], [ 71, 65 ], [ 71, 70 ], 
  [ 74, 75 ], [ 74, 76 ], [ 75, 63 ], [ 75, 74 ], [ 76, 77 ], [ 76, 78 ], 
  [ 77, 76 ], [ 77, 87 ], [ 80, 81 ], [ 80, 82 ], [ 81, 1 ], [ 81, 80 ], 
  [ 82, 83 ], [ 82, 84 ], [ 83, 82 ], [ 83, 119 ], [ 84, 85 ], [ 84, 86 ], 
  [ 85, 84 ], [ 85, 98 ], [ 86, 75 ], [ 86, 87 ], [ 87, 86 ], [ 87, 88 ], 
  [ 88, 89 ], [ 88, 90 ], [ 89, 85 ], [ 89, 88 ], [ 90, 91 ], [ 90, 92 ], 
  [ 91, 90 ], [ 91, 94 ], [ 94, 95 ], [ 94, 96 ], [ 95, 89 ], [ 95, 94 ], 
  [ 98, 99 ], [ 98, 100 ], [ 99, 83 ], [ 99, 98 ], [ 100, 101 ], 
  [ 100, 102 ], [ 101, 100 ], [ 101, 110 ], [ 102, 103 ], [ 102, 104 ], 
  [ 103, 102 ], [ 103, 106 ], [ 106, 107 ], [ 106, 108 ], [ 107, 101 ], 
  [ 107, 106 ], [ 110, 111 ], [ 110, 112 ], [ 111, 99 ], [ 111, 110 ], 
  [ 112, 113 ], [ 112, 114 ], [ 113, 112 ], [ 113, 116 ], [ 116, 117 ], 
  [ 116, 118 ], [ 117, 111 ], [ 117, 116 ], [ 119, 120 ], [ 119, 121 ], 
  [ 120, 81 ], [ 120, 119 ], [ 121, 122 ], [ 121, 123 ], [ 122, 121 ], 
  [ 122, 141 ], [ 123, 124 ], [ 123, 125 ], [ 124, 123 ], [ 124, 131 ], 
  [ 125, 117 ], [ 125, 126 ], [ 126, 125 ], [ 126, 127 ], [ 127, 128 ], 
  [ 127, 129 ], [ 128, 124 ], [ 128, 127 ], [ 131, 132 ], [ 131, 133 ], 
  [ 132, 122 ], [ 132, 131 ], [ 133, 134 ], [ 133, 135 ], [ 134, 133 ], 
  [ 134, 137 ], [ 137, 138 ], [ 137, 139 ], [ 138, 132 ], [ 138, 137 ], 
  [ 141, 142 ], [ 141, 143 ], [ 142, 120 ], [ 142, 141 ], [ 143, 144 ], 
  [ 143, 145 ], [ 144, 143 ], [ 144, 153 ], [ 145, 146 ], [ 145, 147 ], 
  [ 146, 145 ], [ 146, 149 ], [ 149, 150 ], [ 149, 151 ], [ 150, 144 ], 
  [ 150, 149 ], [ 153, 160 ], [ 153, 161 ], [ 154, 155 ], [ 154, 156 ], 
  [ 155, 154 ], [ 155, 255 ], [ 156, 157 ], [ 156, 158 ], [ 157, 156 ], 
  [ 157, 203 ], [ 158, 159 ], [ 158, 160 ], [ 159, 158 ], [ 159, 175 ], 
  [ 160, 142 ], [ 160, 153 ], [ 161, 162 ], [ 161, 163 ], [ 162, 159 ], 
  [ 162, 161 ], [ 163, 164 ], [ 163, 165 ], [ 164, 163 ], [ 164, 169 ], 
  [ 165, 166 ], [ 166, 165 ], [ 166, 167 ], [ 167, 168 ], [ 168, 164 ], 
  [ 168, 167 ], [ 169, 170 ], [ 169, 171 ], [ 170, 162 ], [ 170, 169 ], 
  [ 171, 172 ], [ 172, 171 ], [ 172, 173 ], [ 173, 174 ], [ 174, 170 ], 
  [ 174, 173 ], [ 175, 176 ], [ 175, 177 ], [ 176, 157 ], [ 176, 175 ], 
  [ 177, 178 ], [ 177, 179 ], [ 178, 177 ], [ 178, 191 ], [ 179, 180 ], 
  [ 179, 181 ], [ 180, 179 ], [ 180, 185 ], [ 181, 174 ], [ 181, 182 ], 
  [ 182, 181 ], [ 182, 183 ], [ 183, 184 ], [ 184, 180 ], [ 184, 183 ], 
  [ 185, 186 ], [ 185, 187 ], [ 186, 178 ], [ 186, 185 ], [ 187, 188 ], 
  [ 188, 187 ], [ 188, 189 ], [ 189, 190 ], [ 190, 186 ], [ 190, 189 ], 
  [ 191, 192 ], [ 191, 193 ], [ 192, 176 ], [ 192, 191 ], [ 193, 194 ], 
  [ 193, 195 ], [ 194, 193 ], [ 194, 199 ], [ 195, 196 ], [ 196, 195 ], 
  [ 196, 197 ], [ 197, 198 ], [ 198, 194 ], [ 198, 197 ], [ 199, 200 ], 
  [ 199, 201 ], [ 200, 192 ], [ 200, 199 ], [ 201, 202 ], [ 202, 201 ], 
  [ 202, 210 ], [ 203, 204 ], [ 203, 205 ], [ 204, 155 ], [ 204, 203 ], 
  [ 205, 206 ], [ 205, 207 ], [ 206, 205 ], [ 206, 231 ], [ 207, 208 ], 
  [ 207, 209 ], [ 208, 207 ], [ 208, 217 ], [ 209, 200 ], [ 209, 210 ], 
  [ 210, 209 ], [ 210, 211 ], [ 211, 212 ], [ 211, 213 ], [ 212, 208 ], 
  [ 212, 211 ], [ 213, 214 ], [ 214, 213 ], [ 214, 215 ], [ 215, 216 ], 
  [ 216, 212 ], [ 216, 215 ], [ 217, 218 ], [ 217, 219 ], [ 218, 206 ], 
  [ 218, 217 ], [ 219, 220 ], [ 219, 221 ], [ 220, 219 ], [ 220, 225 ], 
  [ 221, 222 ], [ 222, 221 ], [ 222, 223 ], [ 223, 224 ], [ 224, 220 ], 
  [ 224, 223 ], [ 225, 226 ], [ 225, 227 ], [ 226, 218 ], [ 226, 225 ], 
  [ 227, 228 ], [ 228, 227 ], [ 228, 229 ], [ 229, 230 ], [ 230, 226 ], 
  [ 230, 229 ], [ 231, 232 ], [ 231, 233 ], [ 232, 204 ], [ 232, 231 ], 
  [ 233, 234 ], [ 233, 235 ], [ 234, 233 ], [ 234, 247 ], [ 235, 236 ], 
  [ 235, 237 ], [ 236, 235 ], [ 236, 241 ], [ 237, 230 ], [ 237, 238 ], 
  [ 238, 237 ], [ 238, 239 ], [ 239, 240 ], [ 240, 236 ], [ 240, 239 ], 
  [ 241, 242 ], [ 241, 243 ], [ 242, 234 ], [ 242, 241 ], [ 243, 244 ], 
  [ 244, 243 ], [ 244, 245 ], [ 245, 246 ], [ 246, 242 ], [ 246, 245 ], 
  [ 247, 248 ], [ 247, 249 ], [ 248, 232 ], [ 248, 247 ], [ 249, 250 ], 
  [ 249, 251 ], [ 250, 249 ], [ 250, 262 ], [ 251, 252 ], [ 252, 251 ], 
  [ 252, 253 ], [ 253, 254 ], [ 254, 250 ], [ 254, 253 ], [ 255, 256 ], 
  [ 255, 257 ], [ 256, 255 ], [ 256, 350 ], [ 257, 258 ], [ 257, 259 ], 
  [ 258, 257 ], [ 258, 305 ], [ 259, 260 ], [ 259, 261 ], [ 260, 259 ], 
  [ 260, 277 ], [ 261, 248 ], [ 261, 262 ], [ 262, 261 ], [ 262, 263 ], 
  [ 263, 264 ], [ 263, 265 ], [ 264, 260 ], [ 264, 263 ], [ 265, 266 ], 
  [ 265, 267 ], [ 266, 265 ], [ 266, 271 ], [ 267, 268 ], [ 268, 267 ], 
  [ 268, 269 ], [ 269, 270 ], [ 270, 266 ], [ 270, 269 ], [ 271, 272 ], 
  [ 271, 273 ], [ 272, 264 ], [ 272, 271 ], [ 273, 274 ], [ 274, 273 ], 
  [ 274, 275 ], [ 275, 276 ], [ 276, 272 ], [ 276, 275 ], [ 277, 278 ], 
  [ 277, 279 ], [ 278, 258 ], [ 278, 277 ], [ 279, 280 ], [ 279, 281 ], 
  [ 280, 279 ], [ 280, 293 ], [ 281, 282 ], [ 281, 283 ], [ 282, 281 ], 
  [ 282, 287 ], [ 283, 276 ], [ 283, 284 ], [ 284, 283 ], [ 284, 285 ], 
  [ 285, 286 ], [ 286, 282 ], [ 286, 285 ], [ 287, 288 ], [ 287, 289 ], 
  [ 288, 280 ], [ 288, 287 ], [ 289, 290 ], [ 290, 289 ], [ 290, 291 ], 
  [ 291, 292 ], [ 292, 288 ], [ 292, 291 ], [ 293, 294 ], [ 293, 295 ], 
  [ 294, 278 ], [ 294, 293 ], [ 295, 296 ], [ 295, 297 ], [ 296, 295 ], 
  [ 296, 301 ], [ 297, 298 ], [ 298, 297 ], [ 298, 299 ], [ 299, 300 ], 
  [ 300, 296 ], [ 300, 299 ], [ 301, 302 ], [ 301, 303 ], [ 302, 294 ], 
  [ 302, 301 ], [ 303, 304 ], [ 304, 303 ], [ 304, 312 ], [ 305, 306 ], 
  [ 305, 307 ], [ 306, 256 ], [ 306, 305 ], [ 307, 308 ], [ 307, 309 ], 
  [ 308, 307 ], [ 308, 333 ], [ 309, 310 ], [ 309, 311 ], [ 310, 309 ], 
  [ 310, 319 ], [ 311, 302 ], [ 311, 312 ], [ 312, 311 ], [ 312, 313 ], 
  [ 313, 314 ], [ 313, 315 ], [ 314, 310 ], [ 314, 313 ], [ 315, 316 ], 
  [ 316, 315 ], [ 316, 317 ], [ 317, 318 ], [ 318, 314 ], [ 318, 317 ], 
  [ 319, 320 ], [ 319, 321 ], [ 320, 308 ], [ 320, 319 ], [ 321, 322 ], 
  [ 321, 323 ], [ 322, 321 ], [ 322, 327 ], [ 323, 324 ], [ 324, 323 ], 
  [ 324, 325 ], [ 325, 326 ], [ 326, 322 ], [ 326, 325 ], [ 327, 328 ], 
  [ 327, 329 ], [ 328, 320 ], [ 328, 327 ], [ 329, 330 ], [ 330, 329 ], 
  [ 330, 331 ], [ 331, 332 ], [ 332, 328 ], [ 332, 331 ], [ 333, 334 ], 
  [ 333, 335 ], [ 334, 306 ], [ 334, 333 ], [ 335, 336 ], [ 335, 337 ], 
  [ 336, 335 ], [ 336, 349 ], [ 337, 338 ], [ 337, 339 ], [ 338, 337 ], 
  [ 338, 343 ], [ 339, 332 ], [ 339, 340 ], [ 340, 339 ], [ 340, 341 ], 
  [ 341, 342 ], [ 342, 338 ], [ 342, 341 ], [ 343, 344 ], [ 343, 345 ], 
  [ 344, 336 ], [ 344, 343 ], [ 345, 346 ], [ 346, 345 ], [ 346, 347 ], 
  [ 347, 348 ], [ 348, 344 ], [ 348, 347 ], [ 349, 8 ], [ 349, 9 ], 
  [ 350, 1 ], [ 350, 2 ] ]