[ [ 1, 195 ], [ 1, 469 ], [ 2, 3 ], [ 2, 4 ], [ 3, 2 ], [ 3, 99 ], [ 4, 5 ], 
  [ 4, 6 ], [ 5, 4 ], [ 5, 42 ], [ 6, 7 ], [ 6, 448 ], [ 7, 6 ], [ 7, 8 ], 
  [ 8, 9 ], [ 8, 10 ], [ 9, 5 ], [ 9, 8 ], [ 10, 11 ], [ 10, 12 ], 
  [ 11, 10 ], [ 11, 29 ], [ 12, 13 ], [ 12, 14 ], [ 13, 12 ], [ 13, 19 ], 
  [ 14, 461 ], [ 14, 468 ], [ 15, 16 ], [ 15, 17 ], [ 16, 13 ], [ 16, 15 ], 
  [ 19, 20 ], [ 19, 21 ], [ 20, 11 ], [ 20, 19 ], [ 21, 22 ], [ 21, 23 ], 
  [ 22, 21 ], [ 22, 25 ], [ 25, 26 ], [ 25, 27 ], [ 26, 20 ], [ 26, 25 ], 
  [ 28, 35 ], [ 28, 36 ], [ 29, 30 ], [ 29, 31 ], [ 30, 9 ], [ 30, 29 ], 
  [ 31, 32 ], [ 31, 33 ], [ 32, 31 ], [ 32, 41 ], [ 33, 34 ], [ 33, 35 ], 
  [ 34, 33 ], [ 34, 37 ], [ 35, 26 ], [ 35, 28 ], [ 37, 38 ], [ 37, 39 ], 
  [ 38, 32 ], [ 38, 37 ], [ 41, 48 ], [ 41, 49 ], [ 42, 43 ], [ 42, 44 ], 
  [ 43, 3 ], [ 43, 42 ], [ 44, 45 ], [ 44, 46 ], [ 45, 44 ], [ 45, 78 ], 
  [ 46, 47 ], [ 46, 48 ], [ 47, 46 ], [ 47, 59 ], [ 48, 30 ], [ 48, 41 ], 
  [ 49, 50 ], [ 49, 51 ], [ 50, 47 ], [ 50, 49 ], [ 51, 52 ], [ 51, 53 ], 
  [ 52, 51 ], [ 52, 55 ], [ 55, 56 ], [ 55, 57 ], [ 56, 50 ], [ 56, 55 ], 
  [ 58, 65 ], [ 58, 66 ], [ 59, 60 ], [ 59, 61 ], [ 60, 45 ], [ 60, 59 ], 
  [ 61, 62 ], [ 61, 63 ], [ 62, 61 ], [ 62, 71 ], [ 63, 64 ], [ 63, 65 ], 
  [ 64, 63 ], [ 64, 67 ], [ 65, 56 ], [ 65, 58 ], [ 67, 68 ], [ 67, 69 ], 
  [ 68, 62 ], [ 68, 67 ], [ 71, 72 ], [ 71, 73 ], [ 72, 60 ], [ 72, 71 ], 
  [ 73, 74 ], [ 73, 75 ], [ 74, 73 ], [ 74, 77 ], [ 77, 84 ], [ 77, 85 ], 
  [ 78, 79 ], [ 78, 80 ], [ 79, 43 ], [ 79, 78 ], [ 80, 81 ], [ 80, 82 ], 
  [ 81, 80 ], [ 81, 98 ], [ 82, 83 ], [ 82, 84 ], [ 83, 82 ], [ 83, 89 ], 
  [ 84, 72 ], [ 84, 77 ], [ 85, 86 ], [ 85, 87 ], [ 86, 83 ], [ 86, 85 ], 
  [ 89, 90 ], [ 89, 91 ], [ 90, 81 ], [ 90, 89 ], [ 91, 92 ], [ 91, 93 ], 
  [ 92, 91 ], [ 92, 95 ], [ 95, 96 ], [ 95, 97 ], [ 96, 90 ], [ 96, 95 ], 
  [ 98, 105 ], [ 98, 106 ], [ 99, 100 ], [ 99, 101 ], [ 100, 1 ], 
  [ 100, 99 ], [ 101, 102 ], [ 101, 103 ], [ 102, 101 ], [ 102, 157 ], 
  [ 103, 104 ], [ 103, 105 ], [ 104, 103 ], [ 104, 123 ], [ 105, 79 ], 
  [ 105, 98 ], [ 106, 107 ], [ 106, 108 ], [ 107, 104 ], [ 107, 106 ], 
  [ 108, 109 ], [ 108, 110 ], [ 109, 108 ], [ 109, 116 ], [ 110, 96 ], 
  [ 110, 111 ], [ 111, 110 ], [ 111, 112 ], [ 112, 113 ], [ 112, 114 ], 
  [ 113, 109 ], [ 113, 112 ], [ 116, 117 ], [ 116, 118 ], [ 117, 107 ], 
  [ 117, 116 ], [ 118, 119 ], [ 118, 120 ], [ 119, 118 ], [ 119, 122 ], 
  [ 122, 129 ], [ 122, 130 ], [ 123, 124 ], [ 123, 125 ], [ 124, 102 ], 
  [ 124, 123 ], [ 125, 126 ], [ 125, 127 ], [ 126, 125 ], [ 126, 144 ], 
  [ 127, 128 ], [ 127, 129 ], [ 128, 127 ], [ 128, 134 ], [ 129, 117 ], 
  [ 129, 122 ], [ 130, 131 ], [ 130, 132 ], [ 131, 128 ], [ 131, 130 ], 
  [ 134, 135 ], [ 134, 136 ], [ 135, 126 ], [ 135, 134 ], [ 136, 137 ], 
  [ 136, 138 ], [ 137, 136 ], [ 137, 140 ], [ 140, 141 ], [ 140, 142 ], 
  [ 141, 135 ], [ 141, 140 ], [ 143, 150 ], [ 143, 151 ], [ 144, 145 ], 
  [ 144, 146 ], [ 145, 124 ], [ 145, 144 ], [ 146, 147 ], [ 146, 148 ], 
  [ 147, 146 ], [ 147, 156 ], [ 148, 149 ], [ 148, 150 ], [ 149, 148 ], 
  [ 149, 152 ], [ 150, 141 ], [ 150, 143 ], [ 152, 153 ], [ 152, 154 ], 
  [ 153, 147 ], [ 153, 152 ], [ 156, 163 ], [ 156, 164 ], [ 157, 158 ], 
  [ 157, 159 ], [ 158, 100 ], [ 158, 157 ], [ 159, 160 ], [ 159, 161 ], 
  [ 160, 159 ], [ 160, 193 ], [ 161, 162 ], [ 161, 163 ], [ 162, 161 ], 
  [ 162, 174 ], [ 163, 145 ], [ 163, 156 ], [ 164, 165 ], [ 164, 166 ], 
  [ 165, 162 ], [ 165, 164 ], [ 166, 167 ], [ 166, 168 ], [ 167, 166 ], 
  [ 167, 170 ], [ 170, 171 ], [ 170, 172 ], [ 171, 165 ], [ 171, 170 ], 
  [ 173, 180 ], [ 173, 181 ], [ 174, 175 ], [ 174, 176 ], [ 175, 160 ], 
  [ 175, 174 ], [ 176, 177 ], [ 176, 178 ], [ 177, 176 ], [ 177, 186 ], 
  [ 178, 179 ], [ 178, 180 ], [ 179, 178 ], [ 179, 182 ], [ 180, 171 ], 
  [ 180, 173 ], [ 182, 183 ], [ 182, 184 ], [ 183, 177 ], [ 183, 182 ], 
  [ 186, 187 ], [ 186, 188 ], [ 187, 175 ], [ 187, 186 ], [ 188, 189 ], 
  [ 188, 190 ], [ 189, 188 ], [ 189, 192 ], [ 192, 205 ], [ 192, 206 ], 
  [ 193, 194 ], [ 193, 201 ], [ 194, 158 ], [ 194, 193 ], [ 195, 196 ], 
  [ 195, 197 ], [ 196, 195 ], [ 196, 333 ], [ 197, 198 ], [ 197, 199 ], 
  [ 198, 197 ], [ 198, 263 ], [ 199, 194 ], [ 199, 200 ], [ 200, 199 ], 
  [ 200, 221 ], [ 201, 202 ], [ 201, 203 ], [ 202, 200 ], [ 202, 201 ], 
  [ 203, 204 ], [ 203, 205 ], [ 204, 203 ], [ 204, 212 ], [ 205, 187 ], 
  [ 205, 192 ], [ 206, 207 ], [ 206, 208 ], [ 207, 204 ], [ 207, 206 ], 
  [ 208, 209 ], [ 209, 208 ], [ 209, 210 ], [ 210, 211 ], [ 211, 207 ], 
  [ 211, 210 ], [ 212, 213 ], [ 212, 214 ], [ 213, 202 ], [ 213, 212 ], 
  [ 214, 215 ], [ 214, 216 ], [ 215, 214 ], [ 215, 220 ], [ 216, 217 ], 
  [ 217, 216 ], [ 217, 218 ], [ 218, 219 ], [ 219, 215 ], [ 219, 218 ], 
  [ 220, 227 ], [ 220, 228 ], [ 221, 222 ], [ 221, 223 ], [ 222, 198 ], 
  [ 222, 221 ], [ 223, 224 ], [ 223, 225 ], [ 224, 223 ], [ 224, 247 ], 
  [ 225, 226 ], [ 225, 227 ], [ 226, 225 ], [ 226, 234 ], [ 227, 213 ], 
  [ 227, 220 ], [ 228, 229 ], [ 228, 230 ], [ 229, 226 ], [ 229, 228 ], 
  [ 230, 231 ], [ 231, 230 ], [ 231, 232 ], [ 232, 233 ], [ 233, 229 ], 
  [ 233, 232 ], [ 234, 235 ], [ 234, 236 ], [ 235, 224 ], [ 235, 234 ], 
  [ 236, 237 ], [ 236, 238 ], [ 237, 236 ], [ 237, 242 ], [ 238, 239 ], 
  [ 239, 238 ], [ 239, 240 ], [ 240, 241 ], [ 241, 237 ], [ 241, 240 ], 
  [ 242, 243 ], [ 242, 244 ], [ 243, 235 ], [ 243, 242 ], [ 244, 245 ], 
  [ 245, 244 ], [ 245, 246 ], [ 246, 253 ], [ 246, 254 ], [ 247, 248 ], 
  [ 247, 249 ], [ 248, 222 ], [ 248, 247 ], [ 249, 250 ], [ 249, 251 ], 
  [ 250, 249 ], [ 250, 262 ], [ 251, 252 ], [ 251, 253 ], [ 252, 251 ], 
  [ 252, 256 ], [ 253, 243 ], [ 253, 246 ], [ 254, 255 ], [ 255, 252 ], 
  [ 255, 254 ], [ 256, 257 ], [ 256, 258 ], [ 257, 250 ], [ 257, 256 ], 
  [ 258, 259 ], [ 259, 258 ], [ 259, 260 ], [ 260, 261 ], [ 261, 257 ], 
  [ 261, 260 ], [ 262, 269 ], [ 262, 270 ], [ 263, 264 ], [ 263, 265 ], 
  [ 264, 196 ], [ 264, 263 ], [ 265, 266 ], [ 265, 267 ], [ 266, 265 ], 
  [ 266, 307 ], [ 267, 268 ], [ 267, 269 ], [ 268, 267 ], [ 268, 283 ], 
  [ 269, 248 ], [ 269, 262 ], [ 270, 271 ], [ 270, 272 ], [ 271, 268 ], 
  [ 271, 270 ], [ 272, 273 ], [ 272, 274 ], [ 273, 272 ], [ 273, 278 ], 
  [ 274, 261 ], [ 274, 275 ], [ 275, 274 ], [ 275, 276 ], [ 276, 277 ], 
  [ 277, 273 ], [ 277, 276 ], [ 278, 279 ], [ 278, 280 ], [ 279, 271 ], 
  [ 279, 278 ], [ 280, 281 ], [ 281, 280 ], [ 281, 282 ], [ 282, 289 ], 
  [ 282, 290 ], [ 283, 284 ], [ 283, 285 ], [ 284, 266 ], [ 284, 283 ], 
  [ 285, 286 ], [ 285, 287 ], [ 286, 285 ], [ 286, 298 ], [ 287, 288 ], 
  [ 287, 289 ], [ 288, 287 ], [ 288, 292 ], [ 289, 279 ], [ 289, 282 ], 
  [ 290, 291 ], [ 291, 288 ], [ 291, 290 ], [ 292, 293 ], [ 292, 294 ], 
  [ 293, 286 ], [ 293, 292 ], [ 294, 295 ], [ 295, 294 ], [ 295, 296 ], 
  [ 296, 297 ], [ 297, 293 ], [ 297, 296 ], [ 298, 299 ], [ 298, 300 ], 
  [ 299, 284 ], [ 299, 298 ], [ 300, 301 ], [ 300, 302 ], [ 301, 300 ], 
  [ 301, 306 ], [ 302, 303 ], [ 303, 302 ], [ 303, 304 ], [ 304, 305 ], 
  [ 305, 301 ], [ 305, 304 ], [ 306, 313 ], [ 306, 314 ], [ 307, 308 ], 
  [ 307, 309 ], [ 308, 264 ], [ 308, 307 ], [ 309, 310 ], [ 309, 311 ], 
  [ 310, 309 ], [ 310, 332 ], [ 311, 312 ], [ 311, 313 ], [ 312, 311 ], 
  [ 312, 320 ], [ 313, 299 ], [ 313, 306 ], [ 314, 315 ], [ 314, 316 ], 
  [ 315, 312 ], [ 315, 314 ], [ 316, 317 ], [ 317, 316 ], [ 317, 318 ], 
  [ 318, 319 ], [ 319, 315 ], [ 319, 318 ], [ 320, 321 ], [ 320, 322 ], 
  [ 321, 310 ], [ 321, 320 ], [ 322, 323 ], [ 322, 324 ], [ 323, 322 ], 
  [ 323, 328 ], [ 324, 325 ], [ 325, 324 ], [ 325, 326 ], [ 326, 327 ], 
  [ 327, 323 ], [ 327, 326 ], [ 328, 329 ], [ 328, 330 ], [ 329, 321 ], 
  [ 329, 328 ], [ 330, 331 ], [ 331, 330 ], [ 331, 345 ], [ 332, 339 ], 
  [ 332, 340 ], [ 333, 334 ], [ 333, 335 ], [ 334, 333 ], [ 334, 469 ], 
  [ 335, 336 ], [ 335, 337 ], [ 336, 335 ], [ 336, 403 ], [ 337, 338 ], 
  [ 337, 339 ], [ 338, 337 ], [ 338, 361 ], [ 339, 308 ], [ 339, 332 ], 
  [ 340, 341 ], [ 340, 342 ], [ 341, 338 ], [ 341, 340 ], [ 342, 343 ], 
  [ 342, 344 ], [ 343, 342 ], [ 343, 352 ], [ 344, 329 ], [ 344, 345 ], 
  [ 345, 344 ], [ 345, 346 ], [ 346, 347 ], [ 346, 348 ], [ 347, 343 ], 
  [ 347, 346 ], [ 348, 349 ], [ 349, 348 ], [ 349, 350 ], [ 350, 351 ], 
  [ 351, 347 ], [ 351, 350 ], [ 352, 353 ], [ 352, 354 ], [ 353, 341 ], 
  [ 353, 352 ], [ 354, 355 ], [ 354, 356 ], [ 355, 354 ], [ 355, 360 ], 
  [ 356, 357 ], [ 357, 356 ], [ 357, 358 ], [ 358, 359 ], [ 359, 355 ], 
  [ 359, 358 ], [ 360, 367 ], [ 360, 368 ], [ 361, 362 ], [ 361, 363 ], 
  [ 362, 336 ], [ 362, 361 ], [ 363, 364 ], [ 363, 365 ], [ 364, 363 ], 
  [ 364, 387 ], [ 365, 366 ], [ 365, 367 ], [ 366, 365 ], [ 366, 374 ], 
  [ 367, 353 ], [ 367, 360 ], [ 368, 369 ], [ 368, 370 ], [ 369, 366 ], 
  [ 369, 368 ], [ 370, 371 ], [ 371, 370 ], [ 371, 372 ], [ 372, 373 ], 
  [ 373, 369 ], [ 373, 372 ], [ 374, 375 ], [ 374, 376 ], [ 375, 364 ], 
  [ 375, 374 ], [ 376, 377 ], [ 376, 378 ], [ 377, 376 ], [ 377, 382 ], 
  [ 378, 379 ], [ 379, 378 ], [ 379, 380 ], [ 380, 381 ], [ 381, 377 ], 
  [ 381, 380 ], [ 382, 383 ], [ 382, 384 ], [ 383, 375 ], [ 383, 382 ], 
  [ 384, 385 ], [ 385, 384 ], [ 385, 386 ], [ 386, 393 ], [ 386, 394 ], 
  [ 387, 388 ], [ 387, 389 ], [ 388, 362 ], [ 388, 387 ], [ 389, 390 ], 
  [ 389, 391 ], [ 390, 389 ], [ 390, 402 ], [ 391, 392 ], [ 391, 393 ], 
  [ 392, 391 ], [ 392, 396 ], [ 393, 383 ], [ 393, 386 ], [ 394, 395 ], 
  [ 395, 392 ], [ 395, 394 ], [ 396, 397 ], [ 396, 398 ], [ 397, 390 ], 
  [ 397, 396 ], [ 398, 399 ], [ 399, 398 ], [ 399, 400 ], [ 400, 401 ], 
  [ 401, 397 ], [ 401, 400 ], [ 402, 409 ], [ 402, 410 ], [ 403, 404 ], 
  [ 403, 405 ], [ 404, 334 ], [ 404, 403 ], [ 405, 406 ], [ 405, 407 ], 
  [ 406, 405 ], [ 406, 447 ], [ 407, 408 ], [ 407, 409 ], [ 408, 407 ], 
  [ 408, 423 ], [ 409, 388 ], [ 409, 402 ], [ 410, 411 ], [ 410, 412 ], 
  [ 411, 408 ], [ 411, 410 ], [ 412, 413 ], [ 412, 414 ], [ 413, 412 ], 
  [ 413, 418 ], [ 414, 401 ], [ 414, 415 ], [ 415, 414 ], [ 415, 416 ], 
  [ 416, 417 ], [ 417, 413 ], [ 417, 416 ], [ 418, 419 ], [ 418, 420 ], 
  [ 419, 411 ], [ 419, 418 ], [ 420, 421 ], [ 421, 420 ], [ 421, 422 ], 
  [ 422, 429 ], [ 422, 430 ], [ 423, 424 ], [ 423, 425 ], [ 424, 406 ], 
  [ 424, 423 ], [ 425, 426 ], [ 425, 427 ], [ 426, 425 ], [ 426, 438 ], 
  [ 427, 428 ], [ 427, 429 ], [ 428, 427 ], [ 428, 432 ], [ 429, 419 ], 
  [ 429, 422 ], [ 430, 431 ], [ 431, 428 ], [ 431, 430 ], [ 432, 433 ], 
  [ 432, 434 ], [ 433, 426 ], [ 433, 432 ], [ 434, 435 ], [ 435, 434 ], 
  [ 435, 436 ], [ 436, 437 ], [ 437, 433 ], [ 437, 436 ], [ 438, 439 ], 
  [ 438, 440 ], [ 439, 424 ], [ 439, 438 ], [ 440, 441 ], [ 440, 442 ], 
  [ 441, 440 ], [ 441, 446 ], [ 442, 443 ], [ 443, 442 ], [ 443, 444 ], 
  [ 444, 445 ], [ 445, 441 ], [ 445, 444 ], [ 446, 453 ], [ 446, 454 ], 
  [ 447, 448 ], [ 447, 449 ], [ 448, 404 ], [ 448, 447 ], [ 449, 450 ], 
  [ 449, 451 ], [ 450, 7 ], [ 450, 449 ], [ 451, 452 ], [ 451, 453 ], 
  [ 452, 451 ], [ 452, 460 ], [ 453, 439 ], [ 453, 446 ], [ 454, 455 ], 
  [ 454, 456 ], [ 455, 452 ], [ 455, 454 ], [ 456, 457 ], [ 457, 456 ], 
  [ 457, 458 ], [ 458, 459 ], [ 459, 455 ], [ 459, 458 ], [ 460, 461 ], 
  [ 460, 462 ], [ 461, 450 ], [ 461, 460 ], [ 462, 463 ], [ 462, 464 ], 
  [ 463, 462 ], [ 463, 468 ], [ 464, 465 ], [ 465, 464 ], [ 465, 466 ], 
  [ 466, 467 ], [ 467, 463 ], [ 467, 466 ], [ 468, 14 ], [ 468, 15 ], 
  [ 469, 1 ], [ 469, 2 ] ]